324, 325, 326, 327, 328, 329, 330, 331, 332, 333, 334, 335, 336, 337, 338, 339, 340, 341, 342, 343,
				344,
				345,
				497,
				498,
				499,
				500,
				501,
				502,
				503,
				504,
				505,
				506,
				507,
				508,
				509,
				510,
				511,
				512,
				513,
				514,
				515,
				516,
				517,
				518,
				519,
				520,
				521,
				522,
				523,
				524,
				525,
				526,
				527,
				528,
				529,
				530,
				531,
				532,
				563,
				564,
				565,
				566,
				567,
				568,
				569,
				1046,
				1047,
				1050,
				1051,
				1052,
				1053,
				1054,
				1055,
				1056,
				1057,
				1109,
				1110,
				1111,
				1112,
				1113,
				1114,
				1115,
				1116,
				1117,
				1118,
				1119,
				1120,
				1121,
				1164,
				1165